2,
4,
5,
6,
7,
9,
11,
12,
14,
16,
17,
18,
19,
21,
22,
23,
24,
26,
27,
28,
30,
31,
32,
33,
34,
37,
38,
40,
42,
44,
45,
47,
48,
49,
50,
54,
56,
61,
62,
63,
64,
66,
80,
81,
82,
83,
84,
85,
86,
87,
88,
91,
92,
93,
94,
95,
96,
97,
98,
99,
101,
103,
104,
105,
106,
107,
111,
112,
122,
129,
131,
134,
135,
152,
153,
154,
155,
158,
161,
162,
164,
165,
166,
167,
168,
170,
171,
173,
174,
175,
176,
179,
187,
197,
198,
199,
221,
222,
224,
225,
228,
231,
232,
233,
234,
235,
236,
237,
252,
256,
261,
262,
263,
264,
265,
267,
268,
269,
270,
271,
272,
273,
277,
278,
282,
283,
290,
291,
293,
294,
301,
302,
303,
304,
305,
401,
402,
403,
404,
405,
406,
450,
451,
452,
454,
455,
456,
602,
611,
612,
613,
618,
619,
622,
630,
632,
633,
634,
636,
640,
641,
644,
648,
649,
660,
661,
665,
669,
670,
674,
678,
681,
691,
698,
