8767,
6859,
7001,
8762,
7000,
7002,
8766,
7003,
7005,
7004,
7006,
7007,
8763,
7008,
8765,
7010,
7009,
8764,
7011,
8922,
8794,
8795,
8790,
1649,
7015,
7013,
8797,
7016,
8796,
7017,
7018,
7019,
7020,
8788,
7021,
7022,
7023,
8789,
7024,
7025,
7026,
1650,
7263,
7029,
7264,
8752,
8995,
7034,
7035,
0839,
1890,
7040,
1545,
8749,
7046,
1544,
8745,
8747,
7049,
7047,
7048,
7050,
8944,
1398,
6579,
6580,
7051,
8775,
7052,
8781,
1575,
8783,
7053,
8947,
7054,
8784,
8758,
7055,
7057,
7058,
1279,
7059,
1543,
0929,
8741,
8740,
8739,
7060,
0927,
0953,
8723,
8773,
7061,
8774,
7062,
8932,
7063,
5826,
8615,
7064,
7065,
8600,
7066,
7067,
8605,
8662,
7068,
8601,
7069,
7070,
7080,
7081,
8175,
8174,
7082,
7084,
7083,
8517,
5700,
8770,
8945,
7085,
1995,
8777,
7086,
8780,
8786,
7087,
7088,
8772,
8768,
7090,
7089,
1897,
8581,
7092,
7328,
7091,
7093,
8580,
8576,
7097,
7094,
7095,
7098,
7096,
7099,
8577,
8579,
7100,
7103,
3578,
1074,
7404,
1517,
7267,
7114,
7113,
7115,
8589,
7116,
7118,
7117,
1977,
1978,
1371,
3024,
1369,
1836,
1837,
1849,
7124,
7126,
1574,
7127,
7129,
7128,
8595,
8587,
8585,
8582,
8541,
7137,
8548,
8546,
7158,
0742,
1188,
1189,
1714,
1715,
8629,
1392,
3641,
8560,
8556,
8559,
7144,
7145,
7146,
8558,
8557,
7147,
7150,
7148,
7151,
7149,
8354,
7163,
7155,
8355,
7152,
7156,
7153,
7154,
7157,
3395,
3396,
3397,
3398,
1951,
1802,
1801,
7074,
7073,
1187,
1186,
1868,
1869,
8552,
8626,
8544,
8209,
7164,
7165,
8219,
7166,
7167,
8220,
8208,
7170,
7168,
7169,
8234,
2401,
7171,
8300,
8301,
3023,
3023,
3023,
3023,
3023,
3030,
3030,
3023,
3031,
3031,
8555,
8216,
2327,
8240,
8242,
7173,
8207,
7174,
8228,
7175,
8206,
7176,
8227,
0837,
7178,
7177,
5851,
5705,
8226,
5709,
7180,
7179,
8422,
8423,
7181,
8359,
8425,
8231,
7187,
8427,
8286,
1166,
8225,
7189,
7188,
8224,
8203,
7190,
7192,
7191,
3032,
3032,
3033,
3033,
3033,
3033,
8384,
8404,
7193,
7195,
7194,
7196,
8390,
7197,
8536,
7198,
5818,
1087,
8387,
8399,
7201,
7199,
7202,
7200,
5806,
8400,
7203,
8386,
7204,
7205,
8401,
8385,
7206,
7208,
7207,
7209,
8402,
7210,
8403,
5899,
1917,
5880,
2394,
1924,
8937,
8201,
8307,
7213,
7211,
8200,
7212,
7214,
8415,
7215,
7216,
7227,
8416,
8418,
7229,
7228,
7230,
8911,
8333,
8331,
8414,
8411,
7219,
1353,
8410,
7220,
7221,
7223,
7222,
7224,
8398,
5823,
8393,
8818,
8397,
4083,
7225,
8392,
9005,
7226,
1806,
7072,
1808,
7231,
1591,
7232,
2089,
7233,
7234,
8210,
8222,
7235,
7237,
7236,
7238,
7239,
8565,
8564,
7244,
7242,
8563,
7243,
7245,
8358,
8568,
7246,
8356,
8360,
8351,
7247,
8239,
7248,
8243,
7251,
7249,
8238,
7250,
7252,
8244,
7253,
7255,
7254,
7256,
8338,
8335,
7268,
8337,
8336,
7269,
6915,
3329,
6918,
7071,
8340,
0540,
8345,
7275,
7276,
7277,
7278,
7279,
5803,
5804,
1989,
8491,
7280,
8314,
8324,
1899,
7281,
7282,
8391,
6927,
7283,
8388,
8810,
8813,
8328,
8329,
7284,
8347,
8346,
7286,
7285,
8348,
7287,
7288,
2482,
8315,
8323,
7289,
8322,
7290,
7291,
6898,
6899,
8316,
1237,
8281,
7292,
7295,
7296,
7293,
7297,
7294,
0640,
8364,
0660,
7298,
0641,
7299,
7300,
0642,
0643,
7301,
4044,
4047,
7318,
7312,
7313,
7319,
7314,
7320,
6594,
6593,
6592,
4045,
7324,
7326,
7325,
7327,
1146,
7682,
7687,
7688,
7546,
1368,
7549,
3003,
3004,
3005,
3006,
7691,
7692,
7693,
7694,
7557,
7558,
7559,
7560,
3001,
3002,
3007,
3008,
6823,
6824,
4068,
6822,
1692,
6825,
2402,
7568,
7567,
5875,
0447,
7571,
6830,
2964,
6828,
6827,
1904,
2319,
2321,
2322,
7575,
2320,
6402,
1883,
6838,
6837,
7577,
7576,
2404,
7578,
7579,
1884,
6831,
6832,
6836,
7581,
2490,
7585,
2996,
1845,
2329,
2337,
7590,
2325,
2331,
7591,
2323,
7593,
7594,
2333,
1658,
7595,
2351,
7596,
3000,
3000,
3009,
3009,
3020,
3020,
5857,
6816,
6815,
7604,
7605,
6817,
7606,
6814,
7607,
7608,
6818,
6869,
7609,
6819,
7610,
6782,
6783,
8259,
6796,
6792,
6795,
7614,
6794,
7615,
7616,
6793,
7617,
7613,
7612,
6408,
7621,
6805,
6804,
6806,
6803,
7622,
6808,
6800,
7623,
1268,
7625,
7624,
1727,
3022,
3022,
3022,
3022,
3022,
3022,
1141,
2034,
6894,
2428,
6854,
7628,
7629,
6852,
7630,
2448,
6843,
7631,
6853,
7632,
2447,
7633,
7634,
7635,
6799,
0502,
6809,
7636,
7639,
7638,
7640,
7651,
7641,
7642,
6749,
6744,
7643,
7644,
6750,
7648,
7645,
6743,
7646,
7649,
7647,
6742,
6751,
7650,
3325,
6741,
6740,
7653,
7654,
2414,
6778,
7655,
6774,
6773,
3080,
3080,
6847,
7659,
7660,
6841,
7662,
6842,
7663,
7664,
6845,
6844,
6856,
6670,
6673,
6857,
6674,
6858,
6675,
6887,
6850,
6677,
6874,
1585,
6789,
6866,
2413,
6862,
6860,
6864,
6681,
6678,
6679,
6865,
6682,
6680,
2438,
6781,
7959,
6780,
6737,
6738,
6685,
6686,
6687,
6775,
6776,
6777,
6683,
6689,
6684,
6790,
6612,
5813,
6610,
3062,
3062,
2486,
2484,
2487,
1902,
2488,
2483,
7665,
8798,
2489,
7667,
7666,
8895,
2478,
7668,
6643,
2374,
7669,
7672,
7670,
7671,
2476,
2466,
2473,
2468,
2472,
6403,
7673,
2469,
2471,
7674,
7676,
8465,
7675,
2480,
6623,
2481,
6878,
2376,
6624,
6879,
6625,
5690,
2366,
2365,
6627,
6626,
1548,
6635,
2339,
1546,
6636,
6638,
1987,
6637,
2363,
2375,
6639,
2378,
6640,
6644,
6645,
6641,
6642,
6646,
8107,
2396,
2392,
5684,
6659,
8005,
2371,
6648,
6650,
6651,
6649,
2360,
8004,
6652,
2358,
6653,
8003,
6654,
6656,
8002,
2397,
6657,
8013,
8011,
8012,
8997,
6658,
1000,
9070,
1354,
6873,
2373,
6663,
2556,
6664,
6662,
2424,
2372,
8949,
6665,
2368,
6666,
2362,
2367,
6668,
3010,
3010,
3010,
1150,
1256,
1940,
6533,
1304,
1065,
6532,
1941,
6531,
3584,
5742,
1950,
3585,
3586,
3587,
3588,
6534,
5718,
3161,
6530,
5722,
0433,
1876,
1877,
8722,
8735,
4373,
4375,
4374,
4376,
4377,
8931,
4378,
4379,
8736,
4380,
4384,
4386,
4382,
4387,
4383,
4388,
8724,
1580,
8934,
8725,
4390,
4389,
8924,
8627,
4391,
4392,
1576,
4393,
0344,
1519,
8847,
8729,
4394,
4397,
6126,
4398,
4396,
8730,
0817,
0819,
8835,
8734,
1895,
8731,
8733,
8732,
1896,
8940,
8602,
1528,
6690,
8610,
8604,
6692,
6691,
5859,
1125,
6693,
6694,
8623,
6695,
8852,
6697,
6696,
6698,
1049,
8424,
3711,
2500,
8618,
8619,
2501,
2503,
2502,
2504,
8620,
8617,
2507,
2505,
2508,
2506,
2509,
8613,
5865,
2510,
2512,
2511,
2513,
8621,
2514,
8616,
2516,
2515,
3025,
3025,
3025,
3025,
3025,
3025,
3025,
3025,
8538,
1091,
7713,
8894,
5896,
8539,
1988,
8986,
1507,
1218,
2525,
1913,
1002,
2530,
2526,
2531,
2527,
2532,
1003,
2528,
2529,
8534,
1516,
2533,
2534,
2535,
2536,
8901,
8530,
7854,
7855,
8670,
0417,
8624,
7856,
1121,
2537,
2538,
1200,
1203,
1741,
1742,
1734,
2462,
4019,
4026,
1195,
1190,
1191,
1192,
1193,
1748,
1769,
8310,
1520,
2518,
8831,
8311,
2519,
8312,
2520,
8369,
1510,
1370,
8509,
2521,
8672,
2523,
2522,
8671,
8500,
5731,
7690,
5732,
6347,
6348,
8501,
8987,
8502,
2022,
2023,
7696,
7697,
7698,
8514,
7699,
7700,
8504,
8989,
7701,
1226,
0989,
8603,
1511,
8738,
1565,
4409,
8634,
8635,
6925,
4412,
4411,
0832,
8636,
8640,
4994,
4995,
4996,
8637,
4424,
0,
0467,
0468,
4425,
0469,
0470,
0471,
4426,
0472,
3583,
0473,
1582,
0474,
8631,
0475,
4675,
4430,
8632,
8828,
8826,
4431,
4432,
4433,
8525,
8523,
4436,
4434,
4435,
4437,
8526,
3316,
4439,
8522,
1400,
1238,
4440,
8521,
4442,
4441,
4443,
1980,
8513,
4444,
8661,
4445,
1927,
4446,
1841,
4447,
1778,
4448,
4449,
4450,
4451,
0744,
0743,
3027,
3027,
3027,
0549,
0550,
3653,
8776,
8908,
7951,
8782,
7950,
8700,
8654,
8827,
8829,
8830,
8639,
1789,
8842,
8843,
8833,
8846,
8848,
1783,
8180,
8865,
8886,
8181,
8915,
8919,
8182,
8923,
8942,
8943,
8189,
8707,
2562,
2540,
2542,
2541,
2543,
8708,
8188,
2544,
2545,
2547,
2546,
8709,
2549,
2548,
8704,
8187,
2551,
2550,
8710,
8186,
4991,
2552,
2553,
2557,
2554,
2558,
2555,
8948,
8185,
8457,
2403,
1088,
2559,
2560,
2561,
8378,
8449,
8434,
8406,
8375,
5661,
8395,
1920,
8757,
8728,
2369,
1949,
2461,
5682,
1539,
8702,
2563,
7952,
7953,
8703,
8649,
2564,
2566,
2565,
8650,
2567,
2571,
2572,
2568,
2569,
2573,
2570,
8648,
2574,
8647,
8748,
8746,
8691,
8622,
8593,
8642,
8644,
8507,
2340,
8592,
8645,
8553,
8646,
8554,
8542,
8659,
3556,
5821,
8658,
8665,
1563,
8664,
2576,
2577,
8667,
2578,
3557,
2579,
3558,
1975,
8698,
8706,
8699,
8656,
8657,
2583,
2580,
2584,
2581,
2585,
2582,
8982,
8192,
8981,
5612,
2590,
2591,
2586,
2587,
2588,
3658,
2589,
8687,
8689,
1161,
1162,
2592,
8686,
8690,
2593,
8688,
2594,
8676,
2595,
8693,
8692,
8936,
8684,
8695,
2600,
2602,
2601,
8196,
8195,
2603,
2606,
2604,
2605,
2607,
2608,
8952,
1522,
2609,
8197,
8683,
8199,
2610,
2612,
2611,
8928,
5927,
8682,
8799,
1866,
2613,
2614,
8678,
2615,
2616,
8679,
2618,
2619,
8025,
0765,
0766,
1015,
1013,
8191,
8990,
2630,
2633,
2631,
2634,
2635,
2632,
8194,
8193,
2636,
2638,
2637,
2639,
2640,
8120,
8100,
2641,
2643,
2642,
2644,
8463,
9058,
9059,
9060,
9061,
9062,
5936,
9063,
5928,
5934,
7735,
5931,
2645,
1504,
2646,
1089,
1503,
1735,
2647,
2649,
2648,
2650,
1521,
8198,
2439,
2445,
2651,
2453,
1397,
1396,
2653,
2655,
1738,
7733,
7732,
7715,
7861,
7731,
7717,
7718,
7730,
7719,
7864,
7729,
0823,
7728,
7720,
0866,
7721,
1736,
1737,
7726,
7722,
7725,
7723,
7863,
7724,
3617,
3307,
3306,
3618,
3619,
3305,
6325,
6326,
6332,
6327,
6331,
6328,
6330,
6329,
1765,
7800,
7799,
8114,
1768,
1766,
8540,
8543,
7801,
7798,
1767,
7802,
7803,
5740,
1770,
7795,
8909,
5833,
8116,
7794,
8101,
2477,
7753,
7754,
7752,
7755,
1401,
7751,
1399,
7750,
7756,
6609,
2479,
1194,
8129,
1219,
7764,
8955,
0589,
1751,
7763,
0864,
8141,
7776,
7775,
7772,
7774,
7773,
8133,
7797,
1753,
1752,
7796,
1233,
7742,
1755,
7741,
0542,
3655,
7740,
7743,
6311,
7744,
6312,
7745,
7746,
7739,
7738,
1754,
7737,
4076,
5847,
7748,
7736,
0326,
7749,
2456,
2452,
1757,
7759,
1756,
6616,
7757,
7758,
1809,
1710,
7787,
7761,
1759,
7786,
7788,
7785,
7789,
7784,
7790,
7783,
7791,
1760,
7782,
1762,
7781,
7792,
1761,
7793,
2908,
7780,
7779,
1782,
7769,
7778,
1763,
7777,
1764,
7770,
7771,
1973,
7766,
7765,
7767,
6939,
1974,
8156,
7927,
7928,
7926,
7925,
7924,
1534,
0790,
6943,
7929,
6960,
7941,
8178,
7940,
7934,
8171,
7935,
7939,
7936,
8179,
7938,
8170,
7937,
8158,
8157,
2663,
2665,
2664,
2668,
8160,
2666,
2694,
2670,
2667,
2669,
2671,
2684,
2680,
2672,
2681,
2673,
2674,
2682,
2683,
2675,
2676,
8155,
2866,
2678,
2685,
2679,
2686,
8154,
7930,
8164,
7960,
8161,
8162,
8163,
8122,
8124,
1831,
8123,
8898,
7942,
7949,
6621,
6622,
7944,
7948,
7945,
7947,
7946,
8121,
3070,
3070,
3070,
3070,
3070,
3070,
3070,
8166,
7913,
7912,
7914,
8153,
8152,
8140,
7915,
7911,
8213,
8143,
8167,
0760,
8168,
7916,
8150,
7909,
7917,
7908,
7918,
7919,
8169,
8149,
7906,
1051,
7904,
7966,
7967,
7922,
1793,
0759,
5861,
5871,
2696,
2698,
2697,
2699,
5864,
5866,
2700,
0324,
6342,
6343,
6344,
6350,
6351,
6352,
6353,
6354,
0700,
0701,
0754,
0755,
2873,
5637,
8532,
7843,
7846,
1794,
7844,
5649,
8108,
2626,
8893,
5925,
2627,
5924,
7845,
5926,
8212,
7837,
7836,
7838,
7839,
8111,
8125,
8110,
2709,
2701,
2710,
2702,
2711,
2703,
2712,
2704,
2705,
8247,
2706,
2713,
2707,
2708,
7954,
3704,
7822,
2740,
7820,
7819,
7818,
2494,
7817,
7816,
2419,
7823,
7815,
2423,
7955,
2925,
5706,
6302,
7830,
7826,
7831,
0408,
4079,
5771,
7825,
7956,
7824,
7833,
5772,
8105,
8176,
2714,
2717,
2715,
2718,
2719,
2716,
5631,
5630,
2732,
2720,
2733,
2721,
5646,
5647,
2737,
2734,
2735,
2738,
2736,
2739,
8956,
7829,
0590,
3563,
0591,
0599,
0793,
0592,
0598,
7835,
8352,
7834,
7840,
8353,
7841,
8350,
7842,
1701,
1659,
1662,
1093,
1092,
1686,
1687,
1703,
1708,
5150,
5151,
5152,
5153,
5154,
5155,
5156,
5157,
5958,
5160,
5161,
5162,
5163,
5164,
6971,
9004,
1052,
1053,
6970,
8462,
8481,
8464,
8485,
8479,
8488,
8136,
8137,
8138,
8139,
8596,
8761,
1688,
2745,
0748,
6475,
7865,
7853,
7852,
6473,
7902,
6763,
6409,
6605,
6356,
6357,
6359,
6360,
6361,
6362,
7866,
6363,
1887,
6453,
1573,
6607,
1556,
7887,
1885,
7896,
1854,
1855,
7888,
8112,
8933,
7895,
3582,
7901,
1674,
8294,
0531,
1250,
1860,
7894,
7889,
1929,
1156,
1693,
7890,
1731,
1657,
0573,
7893,
1747,
7892,
7891,
2749,
1746,
2750,
2752,
2751,
2753,
4042,
2754,
2755,
4038,
2756,
2757,
1858,
2758,
2759,
1859,
2760,
2761,
1745,
1905,
2762,
2763,
0802,
1744,
2764,
2765,
1655,
1581,
2766,
2746,
1780,
1777,
2767,
2770,
2768,
2771,
2769,
2772,
6784,
1835,
7886,
7870,
7885,
7871,
7884,
7872,
7883,
7873,
7882,
6851,
7881,
3698,
1834,
3643,
1395,
7903,
6849,
6868,
7880,
7878,
7877,
6863,
7868,
6162,
7875,
7876,
6171,
6163,
6164,
8293,
0594,
1729,
1712,
7847,
1805,
7848,
7851,
7867,
6165,
6299,
3241,
0571,
3265,
3242,
8946,
6322,
6323,
7897,
5907,
8458,
5906,
5908,
8967,
2775,
7898,
2776,
2777,
0476,
2057,
2056,
0478,
2055,
0479,
2054,
0480,
2053,
0481,
2052,
1338,
8499,
0750,
2778,
0751,
2779,
0752,
1406,
2780,
1204,
0699,
1403,
2090,
2091,
2781,
0753,
3029,
3029,
3028,
3028,
3028,
3028,
3028,
3028,
3075,
6308,
6309,
6310,
6313,
1363,
6314,
1366,
1367,
1364,
0355,
0354,
0330,
0331,
6961,
0356,
0547,
3656,
5911,
0358,
5910,
0359,
0332,
0789,
0333,
0334,
0492,
5913,
5912,
5916,
5915,
5914,
0493,
1891,
1892,
2059,
5947,
1360,
1361,
1373,
1362,
5905,
1865,
1991,
1857,
1856,
1863,
1864,
3328,
1290,
9072,
9073,
9075,
1090,
1207,
1208,
1211,
1209,
1213,
0709,
0710,
0711,
0712,
1220,
1317,
6923,
1215,
6922,
6921,
6920,
6919,
1804,
1850,
5923,
5922,
5919,
5918,
1852,
1853,
1259,
1257,
1258,
1246,
1247,
3076,
3076,
2250,
2251,
2252,
2253,
2254,
2255,
2256,
2257,
2258,
2259,
2260,
2261,
1048,
2262,
2263,
1038,
2264,
1036,
2142,
1037,
1034,
1035,
2140,
1032,
1033,
2265,
1031,
1028,
2266,
1026,
1027,
1024,
1025,
1022,
1023,
1021,
2267,
2268,
2269,
2270,
2271,
0928,
2272,
2273,
2274,
2275,
2276,
2277,
2278,
2279,
2280,
2281,
2282,
2283,
2284,
2285,
2287,
3738,
3713,
3737,
3714,
3736,
3715,
3735,
3716,
3734,
3717,
3733,
3718,
3732,
3719,
3720,
3721,
3722,
3727,
3723,
3728,
3724,
3725,
3729,
3726,
3730,
3731,
2288,
2289,
0935,
2290,
2291,
2292,
2293,
3739,
3234,
3235,
0595,
0437,
0438,
0439,
0440,
0441,
0442,
0443,
0444,
3297,
3246,
3259,
3247,
3258,
3248,
3257,
3249,
3256,
3250,
3255,
3251,
3254,
3253,
3276,
3277,
1407,
1408,
1409,
1410,
1411,
1412,
1415,
1414,
1417,
1416,
1419,
1418,
1421,
1420,
1423,
1422,
1425,
1424,
1427,
1426,
1429,
1428,
1430,
1431,
1433,
1432,
1435,
1434,
1437,
1436,
1439,
1438,
1440,
1441,
1443,
1442,
1444,
1445,
1446,
1447,
1449,
1448,
1450,
1451,
1452,
6582,
1453,
6581,
1454,
1455,
1456,
3691,
1457,
3692,
9006,
3693,
3696,
1458,
1122,
0313,
1459,
3695,
1460,
1462,
1464,
1466,
1468,
1470,
0240,
0241,
0242,
0243,
0245,
0244,
1472,
8048,
8045,
2304,
7333,
7332,
8050,
7334,
2370,
2361,
8039,
8027,
7336,
8042,
8040,
8041,
7339,
7338,
6897,
2302,
7341,
7340,
8059,
7345,
5712,
8960,
7347,
7348,
8992,
7350,
8064,
5000,
4899,
7351,
1597,
0779,
0778,
3011,
3011,
3011,
3011,
3060,
3060,
3060,
8033,
8038,
7353,
7354,
8034,
8037,
1807,
7356,
8035,
8999,
6888,
8036,
8071,
8091,
8073,
7357,
7359,
8070,
8075,
7360,
7361,
1785,
2300,
4871,
5853,
6438,
5852,
7362,
2306,
0322,
7363,
2305,
5677,
8019,
8017,
2391,
2390,
1324,
8016,
8020,
7365,
3644,
8015,
8021,
7367,
7368,
8014,
7369,
8023,
3061,
3061,
7370,
7372,
7371,
7373,
4894,
7374,
4892,
0428,
7375,
7376,
4841,
4893,
7377,
5616,
4987,
7380,
7379,
5615,
4884,
7381,
4883,
7384,
7382,
7385,
7383,
7386,
4885,
4886,
7387,
7389,
7388,
7390,
4887,
7391,
7392,
4890,
7393,
7394,
7395,
3012,
3012,
3012,
3012,
3012,
3012,
4850,
4848,
7396,
7397,
7398,
4851,
7399,
7400,
4846,
7401,
7402,
2389,
2356,
4876,
7406,
2436,
6929,
6930,
0345,
4853,
4844,
4854,
7424,
7423,
4855,
4843,
7427,
7425,
7426,
7428,
5898,
4838,
4817,
8080,
2346,
2936,
8094,
8078,
7429,
2058,
2474,
2464,
8077,
1029,
7431,
1030,
8076,
7432,
7435,
7436,
7433,
7434,
4819,
4831,
7437,
4834,
8097,
4800,
4804,
5717,
4802,
5698,
7438,
2491,
2997,
1251,
2994,
1267,
1561,
4832,
7439,
4840,
7441,
2349,
4830,
4829,
7443,
7444,
7445,
7446,
4827,
7447,
4985,
4826,
7448,
7451,
7449,
7452,
7450,
4823,
4986,
7455,
7453,
7456,
7454,
7457,
4824,
7458,
7459,
6510,
6521,
6511,
6520,
6512,
6519,
6513,
6518,
6514,
6517,
6515,
6516,
8096,
4805,
7460,
7462,
7461,
8095,
4806,
7464,
7463,
8093,
4808,
7467,
7465,
2427,
7466,
8092,
7468,
7470,
7469,
4813,
7471,
2341,
7472,
7475,
7476,
7473,
4812,
2454,
7478,
7477,
6761,
6760,
2350,
4839,
3669,
4909,
4908,
7479,
7480,
7481,
4939,
0,
4910,
4907,
6410,
6411,
2431,
7483,
7482,
7484,
2429,
4067,
1185,
4891,
4980,
8046,
4960,
8049,
5889,
2981,
2980,
7491,
7489,
7490,
7492,
2979,
2982,
7493,
2978,
7494,
7495,
2407,
4206,
4903,
7496,
7497,
7498,
7500,
7501,
0350,
0351,
0352,
4922,
4941,
7506,
7508,
7507,
7509,
7510,
4940,
4923,
7511,
7513,
7512,
4924,
2459,
4869,
7514,
7515,
4916,
4917,
4915,
2353,
7516,
4918,
7517,
7518,
4919,
4914,
7520,
7519,
4913,
4920,
7521,
7523,
7522,
4912,
4921,
7524,
7525,
4911,
7528,
7526,
4859,
7527,
7529,
4857,
4861,
7530,
7531,
4856,
4862,
7532,
7533,
5617,
5618,
7534,
7535,
4860,
4858,
7536,
7537,
5620,
5619,
7538,
7539,
3013,
3013,
3013,
4944,
4942,
1832,
2783,
6244,
6472,
2784,
2785,
6245,
6489,
6488,
6481,
4983,
6407,
6406,
4984,
6405,
4981,
6404,
4997,
2786,
5657,
6448,
4999,
6449,
2787,
5837,
4993,
5832,
8674,
8573,
3014,
3014,
3014,
3014,
3014,
3014,
3014,
3014,
3014,
4931,
2338,
6248,
5716,
5721,
6247,
2475,
6885,
6258,
4929,
6246,
6259,
4937,
4926,
6261,
4935,
6262,
6257,
4927,
4932,
6249,
6263,
4945,
1232,
4946,
6256,
6264,
6451,
6265,
4947,
6255,
6254,
4956,
6600,
4948,
4955,
2788,
2860,
2789,
2790,
4949,
4950,
2791,
2792,
4951,
2793,
0325,
4954,
2794,
2795,
4953,
4952,
2796,
8298,
8261,
4100,
4897,
8295,
6464,
8296,
8302,
8469,
4101,
4103,
4102,
4104,
8306,
8435,
4105,
4106,
4107,
8436,
8431,
8291,
8290,
4108,
4110,
4109,
8289,
8292,
4111,
4114,
4112,
4115,
4113,
6926,
1265,
1096,
4116,
4117,
4118,
6139,
8233,
5602,
1569,
1342,
1587,
4091,
1004,
5626,
1152,
1567,
3034,
3034,
3034,
3034,
3034,
3034,
3034,
3034,
3034,
3035,
3035,
3035,
3035,
3063,
1055,
3231,
8287,
7405,
6924,
8266,
4122,
1525,
8456,
4123,
4125,
4124,
4126,
8460,
1523,
1531,
8454,
4127,
4128,
4129,
8483,
8482,
4131,
4130,
8264,
8904,
2449,
2412,
8903,
4132,
4133,
8914,
1583,
4136,
4134,
4135,
4137,
8913,
4138,
4139,
0400,
6900,
0401,
6901,
8969,
8487,
8905,
4140,
8489,
5669,
1925,
1595,
4141,
8484,
4142,
8495,
4534,
4147,
4148,
8496,
4149,
4150,
8486,
1500,
4151,
8927,
4152,
8447,
8473,
4153,
8446,
4154,
4155,
4156,
8474,
4157,
4158,
8445,
4159,
4160,
4161,
8475,
4163,
4162,
4164,
4165,
8444,
3036,
3036,
3036,
3036,
3036,
3036,
1706,
1707,
8452,
8472,
4166,
4168,
4167,
8451,
4169,
4170,
1552,
7961,
4171,
4172,
8477,
8450,
4173,
6140,
4174,
6141,
4175,
1566,
1598,
8466,
4176,
8443,
3301,
8467,
8442,
4177,
4179,
4180,
4178,
4181,
8476,
1596,
4182,
4184,
4185,
8998,
8984,
8480,
8518,
4186,
4187,
8119,
8478,
4189,
4188,
1705,
1921,
2962,
1704,
4190,
4195,
1923,
4196,
6124,
4192,
4193,
1730,
4197,
8373,
4198,
8372,
4199,
4200,
4201,
4202,
8371,
4203,
4205,
8274,
0696,
0697,
0714,
0713,
6144,
1549,
8366,
3066,
1076,
3333,
1077,
4213,
1080,
4214,
4215,
4216,
1081,
4217,
1732,
1739,
1157,
1129,
3039,
3041,
3041,
8668,
8677,
8860,
8861,
4218,
4219,
8433,
4220,
4835,
5739,
5745,
5752,
4222,
4223,
5754,
2084,
2085,
4224,
5753,
4230,
4225,
4226,
4231,
4227,
4228,
4232,
4233,
4234,
4229,
0772,
0773,
8844,
5756,
4238,
4239,
8438,
4242,
4243,
4221,
0885,
5726,
5727,
4244,
4245,
4845,
5808,
4246,
8440,
8383,
8448,
4247,
8441,
8608,
1969,
8641,
8468,
8803,
1530,
8382,
1799,
8743,
4248,
4252,
4249,
4253,
4254,
4250,
4255,
4251,
1572,
1578,
4847,
5750,
4257,
2382,
4256,
2416,
3037,
3037,
3037,
3038,
3038,
3038,
3038,
3038,
3037,
8380,
4260,
8951,
8873,
8882,
4264,
4261,
4265,
4262,
4263,
1524,
8887,
1971,
4271,
4270,
1617,
4801,
6142,
4273,
4274,
4275,
4277,
4276,
8885,
8881,
8874,
4282,
4281,
4283,
8880,
4284,
4286,
8875,
6940,
8876,
8877,
6596,
4287,
6597,
8953,
6598,
1054,
8426,
1352,
6954,
1798,
6955,
3575,
6956,
6957,
5903,
6902,
6903,
4355,
6904,
5904,
6905,
1017,
4356,
1019,
1056,
1064,
5949,
5769,
7413,
6599,
1240,
1241,
3290,
3298,
1057,
0777,
1059,
1058,
1061,
1060,
1062,
1063,
3284,
3285,
3286,
3287,
0482,
1016,
0483,
3299,
0484,
0485,
1069,
0486,
0487,
3289,
1046,
1911,
1912,
4304,
4308,
4305,
4309,
4306,
4310,
4307,
4311,
1321,
1915,
0389,
1963,
1931,
4314,
4312,
4315,
4313,
6471,
1979,
4316,
6485,
1992,
4317,
8628,
4318,
8630,
4319,
4320,
0892,
4321,
0893,
4325,
1242,
4326,
4323,
4327,
4324,
8727,
4328,
8742,
2344,
4333,
0413,
2411,
4334,
4335,
1305,
1306,
0388,
3330,
1307,
1310,
1312,
0385,
0386,
0387,
4329,
0404,
4330,
4331,
6907,
4332,
5713,
6906,
3638,
4336,
3636,
4337,
3637,
4338,
4339,
8996,
4340,
3635,
3634,
6143,
3626,
4342,
3625,
5902,
3508,
3624,
3510,
3509,
3511,
3512,
3623,
3513,
3514,
3622,
1584,
3326,
6420,
3327,
4357,
4358,
0312,
3633,
4346,
3631,
3632,
3630,
4347,
3629,
4348,
3628,
4349,
3627,
8135,
4360,
4364,
4361,
4365,
4366,
4362,
4363,
4367,
3335,
3336,
3337,
3338,
3339,
3340,
1389,
1115,
3334,
1377,
2139,
2141,
0654,
2143,
2144,
2145,
6947,
1740,
1743,
2154,
2155,
0692,
2015,
1243,
1244,
1245,
0678,
0691,
3226,
3227,
3228,
3229,
3230,
3218,
4849,
2124,
5946,
5945,
2126,
0303,
3064,
0694,
0695,
2128,
3232,
3233,
1551,
4368,
2129,
4369,
0304,
1914,
4370,
2130,
1872,
1394,
4640,
4641,
4652,
4653,
4644,
4655,
4646,
4647,
4648,
4649,
4650,
4651,
3040,
3040,
4010,
4009,
4006,
4008,
4002,
4004,
1072,
1073,
6694,
6995,
1010,
6998,
6999,
9000,
9001,
9007,
9002,
9003,
4015,
4013,
1918,
1900,
6984,
6985,
1070,
1047,
6987,
6986,
6989,
6988,
6991,
6990,
6993,
6992,
3707,
3706,
3209,
3210,
1085,
3523,
3567,
3524,
3525,
3526,
3527,
3528,
3529,
3530,
3531,
3568,
3532,
1570,
1568,
1078,
1079,
1848,
1844,
1560,
1550,
1842,
1843,
1564,
1562,
1810,
1811,
1577,
1571,
1533,
1097,
3533,
3534,
0770,
3535,
0771,
1101,
3536,
1532,
1529,
1535,
8277,
8271,
2342,
6753,
6762,
6770,
6026,
6027,
6028,
6726,
6725,
6029,
6724,
6030,
6031,
6032,
6723,
6728,
6033,
6499,
6716,
6035,
6034,
6715,
6714,
6036,
6037,
6707,
6702,
6706,
6703,
6705,
6704,
4474,
4473,
6757,
6759,
4475,
4476,
6758,
8006,
8007,
2357,
8000,
6764,
4480,
0319,
4481,
6766,
2420,
4482,
4491,
4483,
4001,
4046,
4484,
4043,
4485,
4821,
6618,
4041,
4039,
4486,
4487,
6937,
4037,
4488,
4489,
4033,
4035,
4493,
0323,
4494,
4492,
4030,
4029,
2989,
2988,
2990,
4495,
4497,
4496,
2991,
2987,
4499,
4498,
6730,
6731,
4501,
4500,
6732,
6729,
4502,
4504,
4503,
6708,
6040,
6713,
6041,
6043,
6042,
6712,
6709,
6044,
6045,
6711,
1225,
1224,
1612,
1611,
1716,
7958,
3999,
0983,
9045,
1599,
6047,
9044,
2622,
9043,
0348,
9042,
6048,
9041,
0716,
0715,
0982,
6049,
9039,
9069,
1588,
0708,
5693,
1758,
6496,
6733,
6053,
6497,
6718,
6498,
6054,
6717,
5679,
5683,
6055,
6059,
6056,
4556,
6057,
5681,
6061,
6058,
6062,
1605,
1606,
6046,
1604,
1607,
6063,
1601,
1602,
0999,
6065,
6066,
6067,
6068,
0993,
0991,
6070,
6069,
4567,
6071,
0992,
6072,
0990,
0381,
0997,
0994,
6073,
6075,
6076,
6074,
6077,
0996,
0995,
1608,
1840,
6081,
1609,
6082,
6086,
6083,
6087,
6088,
6084,
1955,
6085,
1873,
6089,
1954,
6093,
6090,
6091,
6094,
6092,
6095,
1968,
1922,
1039,
6096,
6097,
6052,
5815,
6098,
4401,
4400,
1319,
1320,
4022,
2975,
1637,
1635,
1638,
5877,
1636,
5735,
6099,
1616,
1615,
6100,
0605,
6102,
0606,
5743,
6103,
8117,
1622,
6104,
1614,
1613,
6107,
0988,
0984,
0985,
6108,
0986,
0987,
6117,
2498,
6110,
1624,
6109,
4017,
1625,
1618,
1620,
1621,
1619,
6111,
6112,
2976,
1889,
6128,
5846,
6129,
6131,
0316,
7408,
4027,
4053,
3645,
6132,
6134,
6135,
6133,
4025,
6136,
6137,
4055,
6000,
6002,
6001,
6003,
4057,
4023,
4058,
4024,
4059,
6004,
4060,
0406,
4020,
4021,
7265,
6006,
2969,
2974,
6007,
6009,
6008,
2973,
6010,
2970,
6012,
6011,
2972,
6013,
2971,
6014,
6016,
6015,
1639,
1645,
6017,
6019,
6018,
6020,
1640,
1644,
6021,
6023,
6022,
1643,
1641,
6024,
4461,
6025,
4462,
4459,
4989,
1630,
1634,
4463,
4465,
4464,
1633,
4466,
1631,
4470,
4467,
4471,
4468,
4469,
2933,
4012,
2934,
2937,
2935,
1653,
1654,
1651,
1656,
1652,
1683,
1632,
4003,
4505,
2967,
4506,
4507,
4005,
2965,
4508,
4510,
4509,
2963,
4511,
2954,
0704,
0705,
0706,
0707,
0717,
0718,
2927,
2928,
2926,
4018,
6038,
4014,
6039,
4514,
4016,
4515,
4516,
2983,
2986,
4517,
4519,
4518,
2985,
2984,
4520,
4521,
4522,
8098,
2863,
8067,
2862,
4524,
8068,
4525,
4526,
4527,
4528,
4529,
8072,
4530,
2076,
4531,
2075,
8590,
2074,
8591,
2073,
4532,
2072,
4533,
2071,
4523,
3017,
3017,
3017,
3017,
3017,
3017,
3017,
6484,
4535,
4536,
4096,
6487,
4537,
4900,
4538,
4539,
4090,
4007,
4011,
2958,
4540,
2960,
4541,
2953,
4089,
6671,
4099,
2939,
6138,
4543,
4542,
4544,
4545,
2940,
2947,
4546,
4548,
4549,
4547,
2946,
2941,
4552,
4550,
4551,
4553,
2945,
2942,
2944,
4554,
4555,
2914,
4557,
5652,
4558,
2915,
2913,
4559,
4561,
4560,
2912,
2916,
4562,
4563,
2911,
4565,
4564,
2917,
4078,
1642,
1946,
4566,
2900,
2922,
2905,
4569,
4568,
2920,
2907,
4571,
2918,
4572,
4573,
2909,
2078,
3015,
3015,
3015,
3015,
3015,
3016,
3016,
3016,
1682,
1675,
4575,
4576,
1681,
1676,
4577,
4578,
4579,
1680,
1677,
4580,
4581,
1679,
4582,
1678,
4584,
4585,
4583,
1667,
1666,
4586,
1660,
4587,
4588,
1661,
1663,
4589,
6590,
4591,
6591,
4590,
1665,
6951,
4592,
1668,
4594,
4593,
4595,
1664,
2417,
4597,
4596,
4598,
0689,
0689,
1343,
1344,
4599,
4601,
4600,
4602,
5791,
0973,
4603,
0965,
4604,
4606,
4605,
0967,
0966,
4607,
4609,
4608,
1861,
1862,
4610,
4612,
6573,
6571,
3515,
1084,
4613,
4611,
4094,
4093,
3774,
3324,
3775,
3344,
0726,
3779,
3773,
4624,
3790,
3788,
4625,
3345,
3791,
3664,
4622,
4614,
3663,
4623,
1075,
6457,
6427,
4629,
4627,
1116,
6470,
4628,
6467,
4630,
1083,
4632,
1346,
1280,
6574,
1282,
1086,
1281,
4633,
1283,
1044,
2884,
4634,
1045,
2885,
4635,
3665,
3667,
2888,
2889,
3321,
1094,
3322,
3323,
1095,
1098,
2890,
2891,
2892,
2893,
2894,
3780,
3782,
2895,
3783,
3781,
3784,
3785,
3786,
3787,
1108,
1126,
1140,
3789,
3516,
1100,
1102,
1266,
3517,
1105,
0513,
1106,
3770,
3771,
1107,
3772,
6576,
3764,
3353,
3767,
6779,
3766,
3768,
3347,
3350,
6797,
3351,
3348,
3760,
5951,
3352,
3761,
3759,
1117,
1118,
1119,
1332,
3752,
0419,
1120,
1333,
3753,
0418,
3518,
3519,
3520,
3521,
3522,
1127,
0725,
0724,
0722,
0663,
0664,
0723,
0720,
0721,
0661,
0676,
1579,
0729,
0730,
1404,
6945,
1235,
1236,
6946,
6575,
1221,
1227,
1229,
1234,
1330,
1164,
1329,
1328,
3043,
3043,
3046,
3046,
3044,
3044,
3049,
3049,
3048,
3048,
1474,
0804,
1475,
1476,
1477,
0809,
1478,
1479,
1480,
1481,
1482,
1483,
1484,
2857,
2856,
2855,
2853,
2854,
2851,
1485,
2852,
1487,
2850,
2849,
1491,
2848,
1493,
1494,
5948,
1495,
1496,
1497,
2847,
2845,
2846,
1498,
1499,
2100,
2101,
2102,
2103,
0838,
2104,
0840,
2105,
2107,
2108,
2109,
2110,
2111,
2112,
2113,
2114,
2115,
2116,
2117,
2118,
2119,
2120,
0971,
0972,
2121,
2122,
0976,
0975,
2123,
2011,
2844,
2174,
2175,
2843,
2176,
2177,
2841,
2178,
2179,
2180,
2181,
2156,
2182,
2183,
2157,
2184,
3746,
3747,
9999,
0977,
0981,
2814,
2813,
2815,
0978,
2816,
2817,
0980,
2818,
2819,
0979,
2821,
2820,
1713,
7217,
7218,
1851,
0451,
0964,
0453,
0668,
1627,
0669,
0670,
0671,
0456,
2354,
2065,
1206,
2067,
0745,
3380,
3381,
3382,
3383,
3384,
1040,
3385,
8503,
8490,
1276,
3387,
3388,
3389,
0339,
0340,
0963,
1750,
2824,
2822,
2823,
0962,
0960,
2825,
2827,
2826,
2828,
0961,
2829,
2830,
0732,
0733,
1131,
1130,
1134,
1135,
1132,
0956,
1133,
1136,
0959,
2831,
0957,
0958,
2832,
2833,
2834,
2835,
1711,
2837,
2839,
2838,
1249,
1248,
2800,
2801,
2802,
2803,
2804,
2805,
2806,
2807,
2808,
2809,
2810,
2811,
0310,
1273,
0320,
1274,
1325,
1275,
1327,
1984,
0274,
0747,
0624,
0746,
1113,
2012,
0434,
1990,
1542,
3047,
3047,
3045,
3045,
4081,
6908,
4080,
4086,
4084,
2426,
8319,
4062,
1695,
4064,
5200,
1957,
1691,
4092,
5236,
1689,
1690,
1684,
1958,
1685,
1959,
1506,
5844,
1717,
5622,
4098,
5629,
1672,
5201,
5202,
5203,
5204,
5205,
5206,
5780,
1671,
5207,
1670,
2539,
5208,
8062,
6950,
5209,
5210,
5211,
5212,
5213,
4964,
5215,
5214,
4963,
5216,
5217,
4965,
1365,
1358,
1359,
5218,
5219,
4962,
4966,
4961,
5221,
5220,
5222,
5223,
4970,
5955,
4973,
4822,
5225,
5226,
2433,
4971,
5227,
5229,
5228,
0314,
5230,
5843,
4975,
5235,
5234,
5233,
5232,
2384,
2395,
4000,
5231,
3019,
3019,
0951,
1142,
1143,
6435,
1965,
6459,
6455,
5858,
5856,
6416,
2434,
6417,
6421,
6439,
6465,
6440,
5240,
6466,
5836,
1555,
4882,
6422,
0865,
6452,
4957,
5241,
6463,
4866,
6441,
5242,
5243,
5244,
5245,
6786,
6788,
1169,
5868,
1784,
6428,
1170,
5246,
6430,
1171,
5248,
1168,
5247,
1167,
1222,
2867,
2869,
0763,
0764,
3050,
3050,
3050,
3050,
3050,
0949,
0727,
0728,
0950,
0947,
1391,
2310,
0946,
0941,
0945,
0943,
4049,
1698,
5249,
5250,
1145,
0311,
2903,
4051,
4052,
5260,
5259,
5258,
5257,
5256,
5255,
1699,
5270,
5254,
5253,
5269,
4069,
5268,
5252,
0955,
0915,
0944,
5251,
5272,
5267,
0916,
2364,
5266,
5265,
5264,
0917,
0918,
5263,
1823,
5262,
5261,
5271,
0924,
0920,
5273,
5274,
5275,
5276,
0921,
0923,
5277,
5278,
5279,
0925,
0919,
5280,
5281,
6477,
1316,
8569,
5284,
2497,
5285,
8570,
0914,
0930,
5286,
2959,
1313,
5287,
0922,
0932,
5289,
5290,
0936,
0933,
5291,
5292,
0937,
5293,
5294,
6493,
5295,
2872,
5296,
0940,
0939,
5297,
5298,
4902,
5301,
2952,
1393,
5303,
1610,
5304,
5305,
1956,
1996,
5306,
5307,
6480,
6962,
1383,
1385,
6413,
6415,
5308,
6414,
5309,
5310,
2408,
0902,
0907,
5319,
5318,
1340,
1341,
4070,
0899,
0903,
5316,
5317,
0898,
0904,
5314,
5313,
5312,
5311,
0908,
0897,
0896,
5321,
0909,
5322,
5324,
0910,
5325,
1336,
8492,
1827,
1824,
1910,
1939,
1772,
5326,
1378,
1379,
3042,
3042,
3042,
3042,
3042,
1288,
1289,
1292,
1293,
1294,
1295,
0886,
7969,
7976,
7975,
7970,
7974,
7971,
0890,
0887,
2093,
2094,
3280,
3281,
0888,
3612,
3570,
7972,
3571,
3611,
3572,
3610,
7973,
3573,
3608,
3607,
0889,
3278,
3609,
3279,
7977,
0645,
0646,
1822,
0647,
0648,
2499,
2088,
1893,
2868,
2087,
6399,
6500,
0431,
0432,
5450,
0857,
7989,
7990,
7988,
7991,
7987,
1894,
7410,
7409,
1749,
1779,
7985,
0867,
7984,
0858,
0574,
7986,
1600,
7980,
0341,
1296,
1298,
0868,
1297,
3579,
3580,
7979,
7981,
0874,
6891,
0871,
1867,
7978,
0526,
0521,
6445,
6446,
7982,
0872,
5328,
0873,
5327,
5339,
1825,
0822,
3358,
0879,
5338,
1818,
6876,
1817,
0399,
5333,
5335,
5340,
5345,
5343,
6877,
0383,
5348,
5346,
5341,
5351,
5352,
1814,
1813,
2422,
2421,
6386,
6387,
6388,
6583,
6389,
7260,
7259,
7258,
7079,
7078,
7077,
7076,
7075,
1111,
1112,
1815,
5354,
5356,
1875,
1286,
1285,
1284,
1287,
5332,
5786,
1846,
5360,
5361,
5358,
5359,
5357,
5362,
5363,
1847,
5364,
5375,
5365,
5368,
5380,
5369,
5367,
5828,
5809,
5370,
5366,
1138,
6584,
1137,
1269,
1270,
3058,
3058,
3058,
3058,
3018,
3018,
1702,
0836,
0826,
3300,
1733,
1725,
1724,
5379,
0842,
6175,
6174,
0846,
6173,
6176,
0862,
1826,
0855,
1870,
6178,
0806,
6170,
6193,
3503,
6172,
0835,
6169,
6168,
6167,
0805,
1278,
3361,
3362,
3504,
5377,
0913,
5376,
5385,
5381,
5382,
5383,
5387,
2013,
2014,
5390,
5395,
5603,
6298,
0828,
6166,
6253,
6161,
5644,
6384,
0827,
8086,
6179,
0830,
6191,
6180,
0833,
4833,
5399,
5398,
6184,
3602,
0852,
3603,
6185,
5895,
0831,
6186,
5608,
5606,
6187,
6183,
6188,
5605,
6190,
6182,
6189,
6181,
3604,
6379,
6380,
6381,
6382,
6383,
6385,
1722,
1723,
5397,
5396,
5394,
5393,
1720,
1721,
5400,
5391,
5402,
8408,
5403,
5405,
1718,
1719,
5404,
3055,
3055,
3055,
3055,
0808,
4842,
6243,
1314,
0803,
2224,
2247,
2308,
5410,
5409,
1937,
5406,
5407,
1066,
5632,
0816,
6585,
5424,
1966,
5425,
5421,
1967,
0815,
5418,
5414,
1916,
0814,
1997,
5427,
7411,
5428,
1803,
5429,
5430,
0405,
1935,
6941,
1932,
0572,
5432,
0884,
6958,
5445,
6938,
5447,
2460,
6242,
6237,
0952,
0630,
1926,
2064,
0800,
1315,
6233,
6230,
0801,
1776,
9081,
0998,
1796,
1964,
6236,
6199,
1775,
6219,
6196,
5777,
6194,
1700,
6197,
0423,
6218,
5778,
1800,
5701,
6235,
6200,
3202,
6209,
5764,
5729,
6201,
6208,
6203,
6207,
5776,
6206,
6204,
6205,
5759,
3709,
1197,
3576,
6198,
1879,
6217,
1041,
1771,
0585,
1781,
6215,
6701,
6210,
6214,
4990,
6213,
1880,
6211,
0636,
0635,
0638,
0637,
6727,
3377,
0416,
3376,
3590,
4925,
0633,
6221,
3569,
0634,
6225,
6224,
2955,
6739,
6226,
6227,
6228,
6229,
3379,
6222,
6602,
0353,
6601,
2027,
6501,
1198,
1199,
0335,
0336,
0337,
0338,
0610,
0611,
0612,
0613,
0614,
0615,
0616,
0617,
0424,
2098,
0425,
2099,
0420,
0421,
3236,
3237,
1109,
1110,
3059,
1871,
1839,
7573,
0448,
0449,
0514,
0506,
0515,
0522,
0570,
1308,
1303,
1071,
1082,
0380,
0415,
3370,
3371,
1384,
1386,
1382,
1381,
1833,
1828,
1104,
1540,
1541,
1547,
1553,
7574,
1554,
1557,
7572,
6050,
6051,
1337,
1339,
1331,
1334,
1300,
1301,
1981,
1982,
1907,
1908,
1347,
1898,
7994,
1820,
4877,
1262,
7554,
7555,
1260,
6152,
1252,
6153,
4874,
1165,
6154,
7553,
1253,
1254,
1255,
7999,
0463,
1819,
0464,
3677,
4875,
0465,
7570,
6155,
0466,
1821,
6151,
6959,
1501,
4867,
1502,
6202,
4837,
1514,
6159,
1515,
7997,
1513,
7998,
1505,
1463,
1558,
6149,
4972,
6150,
6909,
4974,
7548,
1172,
1173,
1174,
1175,
1176,
1177,
1179,
1178,
1180,
1181,
1182,
1183,
6578,
1536,
0398,
0655,
0768,
9048,
6952,
9049,
0275,
9050,
9051,
9053,
9055,
9057,
6589,
1490,
6953,
1492,
6588,
1489,
6586,
1488,
6949,
1486,
1508,
1526,
1509,
7552,
3057,
3057,
1728,
1709,
5452,
1158,
1159,
1214,
1184,
1986,
2881,
1147,
1151,
1985,
1829,
1830,
2923,
2924,
1163,
5457,
1994,
4978,
5458,
1993,
5459,
5460,
2312,
2311,
5461,
5462,
5463,
5464,
1230,
1231,
0734,
0735,
2314,
2313,
5465,
2318,
2317,
1139,
5467,
2316,
3391,
3392,
3393,
3394,
5468,
2882,
5469,
5470,
5471,
5472,
5473,
4977,
5474,
5475,
5476,
1792,
0673,
0674,
0767,
1099,
1103,
1791,
1790,
1788,
5373,
5371,
5372,
8204,
8205,
4810,
4811,
2877,
2878,
5800,
6268,
0859,
6266,
6267,
4879,
5901,
6895,
5900,
3200,
0856,
3201,
2222,
6269,
6272,
6270,
6273,
6271,
6274,
6275,
6276,
6277,
6280,
6278,
6279,
1005,
6281,
6283,
6282,
6284,
6285,
6287,
2223,
6286,
6288,
6289,
6130,
6290,
6292,
6291,
6293,
6294,
6295,
6296,
1537,
1538,
2225,
2226,
9076,
9077,
2227,
0870,
0869,
2228,
2229,
2230,
2231,
2232,
2233,
2234,
1006,
1007,
1067,
1068,
2235,
1018,
2236,
2237,
2238,
1014,
2239,
2240,
1009,
2241,
1020,
1008,
3566,
2242,
6297,
2243,
2244,
1001,
2245,
2246,
1201,
1216,
1217,
1202,
0774,
0775,
1043,
5711,
1042,
1154,
1155,
8612,
0618,
0619,
0620,
0621,
0622,
0623,
5477,
5478,
5479,
5480,
5481,
5714,
5482,
8535,
9064,
9065,
9066,
1309,
9067,
6963,
9068,
1311,
1589,
4676,
1881,
1594,
1592,
1838,
5488,
5489,
8109,
1210,
5725,
5490,
5491,
2095,
5492,
5493,
8087,
2096,
5494,
5495,
2000,
2001,
2002,
2003,
2004,
2005,
2006,
2007,
2008,
5496,
2009,
2010,
2021,
2050,
2051,
5497,
2082,
1196,
2083,
0580,
0581,
9084,
9085,
5952,
5498,
0761,
0762,
5499,
6537,
1380,
4828,
6538,
6539,
1124,
6570,
1797,
1795,
6541,
1114,
0368,
9078,
2060,
0369,
0370,
0371,
8054,
6548,
6547,
6543,
6544,
6542,
6545,
8053,
6546,
6549,
6550,
6555,
6551,
6552,
6558,
1212,
6557,
6553,
6554,
6556,
6560,
2185,
2186,
2187,
0346,
0347,
6369,
6374,
6375,
6376,
2880,
2188,
6370,
2016,
2879,
2017,
2018,
6377,
1223,
2019,
2020,
2191,
2192,
2193,
0878,
2194,
2195,
3315,
2196,
2197,
2198,
0891,
2199,
2200,
1128,
2203,
2204,
2205,
2206,
1593,
1626,
1646,
0900,
2207,
2208,
2209,
1694,
1696,
1648,
1669,
1647,
1888,
0736,
0737,
0738,
0739,
6931,
6932,
6933,
5990,
5991,
5992,
5993,
5994,
6936,
6935,
1919,
4031,
8493,
5050,
5051,
1930,
1934,
1936,
1933,
6720,
6721,
6722,
8497,
6745,
6746,
6972,
6973,
6974,
6975,
6976,
6977,
1623,
6978,
6979,
6980,
6981,
6982,
6983,
